M



                                                                                                               AGOSTO - 2012               






141 MORALES PEREZ JULIA                           09700349 30  240   750.00 75.00   0.00   0.00   0.00   0.00    0.00    0.00   825.00    0.00    0.00 100.16  225.00    0.00   0.00  0.00   3.37   0.47  329.00   74.25    0.00   0.00   0.00   74.25   496.00
146 SANCHEZ GARGATE NOEMI MARINA                  06107239 30  240   750.00  0.00   0.00 302.00   0.00   0.00    0.00    0.00  1052.00    0.00    0.00 101.70  300.00    0.00   0.00  0.00   5.13   0.17  407.00   67.50    0.00   0.00   0.00   67.50   645.00
147 SANDOVAL TORIBIO SANTA BENEDICTA              08236571 30  240  1322.00  0.00   0.00 150.00   0.00   0.00    0.00    0.00  1472.00    0.00    0.00 172.39  396.00    0.00   0.00  0.00   1.04   -.43  569.00  118.98    0.00   0.00   0.00  118.98   903.00
178 ABAD GUERRERO FROILAN                         40826130 30  240   800.00 75.00   0.00 290.00   0.00   0.00    0.00    0.00  1165.00  113.75    0.00   0.00  320.00    0.00   0.00  0.00   1.07   0.18  435.00   78.75    0.00   0.00   0.00   78.75   730.00
189 PUMA HUILLCA AMILCAR                          23977386 27  216   675.00 75.00   0.00 250.00   0.00   0.00    0.00    0.00  1000.00   97.50    0.00   0.00  480.00    0.00   0.00  0.00   0.00   -.50  727.00   67.50    0.00   0.00   0.00   67.50   273.00
204 LEON CARRANZA EMILIANO ALEJANDRO              33345635 30  240   750.00 75.00   0.00 100.00   0.00   0.00    0.00    0.00   925.00    0.00    0.00 111.88  225.00    0.00   0.00  0.00   0.00   0.12  337.00   74.25    0.00   0.00   0.00   74.25   588.00
271 CAQUI GARGATE GILDER MOISES                   09678603 30  240   995.00 75.00   0.00 200.00   0.00   0.00    0.00    0.00  1270.00    0.00    0.00 145.09  398.00    0.00   0.00  0.00   0.00   -.09  543.00   96.30    0.00   0.00   0.00   96.30   727.00
275 PUMA HUILLCA HERMITA¥O                        44084183 30  240   750.00  0.00   0.00   0.00   0.00   0.00    0.00    0.00   750.00    0.00    0.00  97.20  225.00    0.00   0.00  0.00   0.00   -.20  322.00   67.50    0.00   0.00   0.00   67.50   428.00
289 CHINCHAY VALLADARES MELQUIADES                08172801 30  240   750.00 75.00   0.00   0.00   0.00   0.00    0.00    0.00   825.00    0.00    0.00 111.88  225.00    0.00   0.00  0.00  10.31   -.19  347.00   74.25    0.00   0.00   0.00   74.25   478.00
294 QUISPE QUISPE ELMA VICTORIA                   41220291 29  232   725.00 75.00   0.00   0.00   0.00   0.00    0.00    0.00   800.00  104.00    0.00   0.00  225.00    0.00   0.00  0.00   3.43   -.43  332.00   72.00    0.00   0.00   0.00   72.00   468.00
311 CCORIMANYA INGA EDWARD                        48350296 30  240   750.00  0.00   0.00   0.00   0.00   0.00    0.00    0.00   750.00   97.50    0.00   0.00  375.00    0.00   0.00  0.00   0.00   -.50  472.00   67.50    0.00   0.00   0.00   67.50   278.00
125 ROJAS PAJUELO JUAN VENANCIO                   09035048 30  240   900.00 75.00 200.00 500.00   0.00   0.00    0.00    0.00  1675.00    0.00    0.00 152.28  450.00    0.00   0.00  0.00   0.00   -.28  702.00  105.75    0.00   0.00   0.00  105.75   973.00
253 DOMINGUEZ LOPEZ CHADWICK HANNS                43662417 30  240   800.00 75.00   0.00 417.00   0.00   0.00    0.00    0.00  1292.00    0.00    0.00 114.10  382.00    0.00   0.00  0.00   0.00   -.10  536.00   78.75    0.00   0.00   0.00   78.75   756.00
118 ESPINOZA FARFAN LUIS ALBERTO                  08438708 30  240   750.00 75.00   0.00   0.00   0.00   0.00    0.00    0.00   825.00    0.00    0.00 111.88  225.00    0.00   0.00  0.00  25.00   0.12  362.00   74.25    0.00   0.00   0.00   74.25   463.00
143 NORIEGA GALVEZ JOSE LUIS                      06633418 29  232   725.00 75.00   0.00   0.00   0.00   0.00    0.00    0.00   800.00  104.00    0.00   0.00  225.00    0.00   0.00  0.00   1.50   -.50  330.00   72.00    0.00   0.00   0.00   72.00   470.00
161 MARTINEZ CASTILLO FLOR DE MARIA               09669769 30  240   750.00 75.00   0.00   0.00   0.00   0.00    0.00    0.00   825.00    0.00    0.00 111.88  225.00    0.00   0.00  0.00   1.55   -.43  338.00   74.25    0.00   0.00   0.00   74.25   487.00
177 RAMIREZ MARCELO GABRIELA AMPARO               32130570 30  240   750.00 75.00   0.00   0.00   0.00   0.00    0.00    0.00   825.00  107.25    0.00   0.00  225.00    0.00   0.00  0.00   4.19   -.44  336.00   74.25    0.00   0.00   0.00   74.25   489.00
187 RIMARACHIN BACA DAVID ISRAEL                  41901906 30  240   750.00 75.00   0.00   0.00   0.00   0.00    0.00    0.00   825.00    0.00    0.00 106.92  225.00    0.00   0.00  0.00  11.34   -.26  343.00   74.25    0.00   0.00   0.00   74.25   482.00
198 MACHUCA PAREDES JESSICA ZULEMA                10283250 29  232   725.00 75.00   0.00   0.00   0.00   0.00    0.00    0.00   800.00  104.00    0.00   0.00  225.00    0.00   0.00  0.00  11.50   -.50  340.00   72.00    0.00   0.00   0.00   72.00   460.00
205 INGA CHUQUIPA ELBIA                           43697662 30  240   750.00  0.00   0.00   0.00   0.00   0.00    0.00    0.00   750.00   97.50    0.00   0.00  225.00    0.00   0.00  0.00   5.38   0.12  328.00   67.50    0.00   0.00   0.00   67.50   422.00
215 LOAYZA ALMONACIN JOSE VICTOR                  42295617 30  240   750.00 75.00   0.00 159.50   0.00   0.00    0.00    0.00   984.50  107.25    0.00   0.00  427.00    0.00   0.00  0.00   0.00   0.25  534.50   74.25    0.00   0.00   0.00   74.25   450.00
217 QUISPE MATAMOROS SONIA                        40199272 30  240   750.00 75.00   0.00   0.00   0.00   0.00    0.00    0.00   825.00  107.25    0.00   0.00  225.00    0.00   0.00  0.00   8.32   0.43  341.00   74.25    0.00   0.00   0.00   74.25   484.00
237 PELAYO ROBLES DINA ELENA                      10562806 30  240   750.00 75.00   0.00   0.00   0.00   0.00    0.00    0.00   825.00  107.25    0.00   0.00  225.00    0.00   0.00  0.00   7.67   0.08  340.00   74.25    0.00   0.00   0.00   74.25   485.00
255 FERNANDEZ HURTADO JOSE DONATO                 40167192 30  240   750.00 75.00   0.00   0.00   0.00   0.00    0.00    0.00   825.00  107.25    0.00   0.00  225.00    0.00   0.00  0.00   0.00   -.25  332.00   74.25    0.00   0.00   0.00   74.25   493.00
257 SANTOS VILLACORTA JHON ANDERSON               46589552 29  232   725.00  0.00   0.00   0.00   0.00   0.00    0.00    0.00   725.00   94.25    0.00   0.00  225.00    0.00   0.00  0.00   4.77   -.02  324.00   65.25    0.00   0.00   0.00   65.25   401.00
260 DIAZ MEGO OSWALDO                             71813971 30  240   750.00  0.00   0.00   0.00   0.00   0.00    0.00    0.00   750.00   97.50    0.00   0.00  225.00    0.00   0.00  0.00   7.28   0.22  330.00   67.50    0.00   0.00   0.00   67.50   420.00
272 CASTILLO REYNOSO PEDRO LUIS                   07635669 30  240   750.00 75.00   0.00 159.50   0.00   0.00    0.00    0.00   984.50    0.00    0.00 106.92  427.00    0.00   0.00  0.00   0.00   -.42  533.50   74.25    0.00   0.00   0.00   74.25   451.00
285 CASTILLA SALAZAR EMMA LILIANA                 07371736 30  240   750.00 75.00   0.00   0.00   0.00   0.00    0.00    0.00   825.00    0.00    0.00 111.88  225.00    0.00   0.00  0.00   6.46   -.34  393.00   74.25    0.00   0.00   0.00   74.25   432.00
287 NAVARRETE GUEVARA ADRIAN ALI                  45711545 30  240   750.00  0.00   0.00   0.00   0.00   0.00    0.00    0.00   750.00    0.00    0.00  99.83  225.00    0.00   0.00  0.00   3.19   -.02  328.00   67.50    0.00   0.00   0.00   67.50   422.00
291 NORES ESPINOZA SANDRO ERNESTO                 80376047 30  240   750.00 75.00   0.00   0.00   0.00   0.00    0.00    0.00   825.00    0.00    0.00 111.88  225.00    0.00   0.00  0.00  13.65   0.47  351.00   74.25    0.00   0.00   0.00   74.25   474.00
300 COLLAZOS BARDALES IRMA                        42063882 28  224   700.00 75.00   0.00   0.00   0.00   0.00    0.00    0.00   775.00  100.75    0.00   0.00  225.00    0.00   0.00  0.00   0.39   -.14  326.00   69.75    0.00   0.00   0.00   69.75   449.00
301 BROCOS CASANOVA CLOTILDE MANUELA              07322252 30  240   750.00 75.00   0.00   0.00   0.00   0.00    0.00    0.00   825.00    0.00    0.00 111.88  225.00    0.00   0.00  0.00   1.99   0.13  339.00   74.25    0.00   0.00   0.00   74.25   486.00
313 MEGO ZAMORA JUANITO                           44867935 30  240   750.00  0.00   0.00   0.00   0.00   0.00    0.00    0.00   750.00    0.00    0.00 101.70  375.00    0.00   0.00  0.00   0.00   0.30  477.00   67.50    0.00   0.00   0.00   67.50   273.00
317 RAMIREZ URETA AMEC JOAB                       44800604 30  240   750.00  0.00   0.00   0.00   0.00   0.00    0.00    0.00   750.00   97.50    0.00   0.00  225.00    0.00   0.00  0.00  11.88   -.38  334.00   67.50    0.00   0.00   0.00   67.50   416.00
319 PE¥A MAMANI JESUS EDUARDO                     45619512 30  240   750.00  0.00   0.00   0.00   0.00   0.00    0.00    0.00   750.00    0.00    0.00 101.70  375.00    0.00   0.00  0.00   4.44   -.14  481.00   67.50    0.00   0.00   0.00   67.50   269.00
115 OLAYA GONZALES LUIS HELBERT                   25809433 30  240   800.00 75.00   0.00 416.00   0.00   0.00    0.00    0.00  1291.00    0.00    0.00 118.66  440.00    0.00   0.00  0.00   0.00   0.34  559.00   78.75    0.00   0.00   0.00   78.75   732.00
145 ROJAS PAJUELO CESAR JAVIER                    08634028 30  240   900.00 75.00 150.00 450.00   0.00   0.00    0.00    0.00  1575.00    0.00    0.00 152.56  450.00    0.00   0.00  0.00  25.00   0.44  628.00  101.25    0.00   0.00   0.00  101.25   947.00
112 CHIPANA FLORES ELENA                          07951545 29  232   725.00 75.00   0.00   0.00   0.00   0.00    0.00    0.00   800.00    0.00    0.00 108.48  225.00    0.00   0.00  0.00  30.77   -.25  364.00   72.00    0.00   0.00   0.00   72.00   436.00
119 SOLANO CALDUA NICOLAS VICTOR                  10285430 30  240   750.00 75.00   0.00   0.00   0.00   0.00    0.00    0.00   825.00    0.00    0.00 106.92  225.00    0.00   0.00  0.00   2.51   -.43  334.00   74.25    0.00   0.00   0.00   74.25   491.00
123 ZAMORA MEGO OLEGARIO                          09886536 30  240   750.00 75.00   0.00   0.00   0.00   0.00    0.00    0.00   825.00    0.00    0.00 111.88  225.00    0.00   0.00  0.00   0.00   0.12  337.00   74.25    0.00   0.00   0.00   74.25   488.00
158 MIRANDA YBA¥EZ SONIA MARITZA                  25780120 30  240   750.00 75.00   0.00   0.00   0.00   0.00    0.00    0.00   825.00    0.00    0.00 107.58  225.00    0.00   0.00  0.00   3.61   -.19  336.00   74.25    0.00   0.00   0.00   74.25   489.00
174 CALLE JERONIMO EDWIN ALVICE                   40624077 30  240   806.00 75.00   0.00 450.00   0.00   0.00    0.00    0.00  1331.00    0.00    0.00 114.88  451.00    0.00   0.00  0.00   6.49   -.37  572.00   79.29    0.00   0.00   0.00   79.29   759.00
179 MEGO SILVA RONAL                              10132707 30  240   750.00 75.00   0.00   0.00   0.00   0.00    0.00    0.00   825.00    0.00    0.00 109.81  225.00    0.00   0.00  0.00   0.00   0.19  335.00   74.25    0.00   0.00   0.00   74.25   490.00
206 CHIPANA FLORES LIDIA JUANA                    10285230 30  240   750.00 75.00   0.00   0.00   0.00   0.00    0.00    0.00   825.00    0.00    0.00 106.92  225.00    0.00   0.00  0.00   6.53   -.45  338.00   74.25    0.00   0.00   0.00   74.25   487.00
212 GUERRA CHAUCA SANDRA ISABEL                   07644248 30  240   750.00 75.00   0.00   0.00   0.00   0.00    0.00    0.00   825.00  107.25    0.00   0.00  225.00    0.00   0.00  0.00   0.00   -.25  332.00   74.25    0.00   0.00   0.00   74.25   493.00
224 MEZA GARCIA MANUEL ALEJANDRO                  44052923 30  240   750.00  0.00   0.00   0.00   0.00   0.00    0.00    0.00   750.00   97.50    0.00   0.00  225.00    0.00   0.00  0.00   0.00   -.50  322.00   67.50    0.00   0.00   0.00   67.50   428.00
239 QUISPE QUISPE GILBERTO PEDRO                  42343596 27  216   675.00  0.00   0.00   0.00   0.00   0.00    0.00    0.00   675.00    0.00    0.00  88.02  225.00    0.00   0.00  0.00   3.04   -.06  366.00   60.75    0.00   0.00   0.00   60.75   309.00




                                                                                                               AGOSTO - 2012               






269 SANTILLAN MELENDEZ CHRISTIAN                  42972458 30  240   750.00  0.00   0.00   0.00   0.00   0.00    0.00    0.00   750.00    0.00    0.00  99.83  225.00    0.00   0.00  0.00   4.84   0.33  330.00   67.50    0.00   0.00   0.00   67.50   420.00
270 NOLE CAMUS IRIS EDITA                         40827219 30  240   750.00  0.00   0.00   0.00   0.00   0.00    0.00    0.00   750.00    0.00    0.00  97.81  225.00    0.00   0.00  0.00   3.84   0.35  427.00   67.50    0.00   0.00   0.00   67.50   323.00
312 HUERTA CARLOS MAX JOUSTON                     47707022 30  240   750.00  0.00   0.00   0.00   0.00   0.00    0.00    0.00   750.00   97.50    0.00   0.00  375.00    0.00   0.00  0.00   1.56   -.06  474.00   67.50    0.00   0.00   0.00   67.50   276.00
316 BUSTAMANTE MANRIQUE JOSE LUIS                 42616604 30  240   750.00 75.00   0.00   0.00   0.00   0.00    0.00    0.00   825.00    0.00    0.00 107.58  225.00    0.00   0.00  0.00   0.00   0.42  383.00   74.25    0.00   0.00   0.00   74.25   442.00
321 AQUINO ROJAS MARIBEL                          42070522 30  240   750.00 75.00   0.00   0.00   0.00   0.00    0.00    0.00   825.00  107.25    0.00   0.00  375.00    0.00   0.00  0.00   0.00   -.25  482.00   74.25    0.00   0.00   0.00   74.25   343.00
322 QUISPE FLORES JUAN DANIEL                     76608802 30  240   750.00  0.00   0.00   0.00   0.00   0.00    0.00    0.00   750.00   97.50    0.00   0.00  375.00    0.00   0.00  0.00   0.78   -.28  473.00   67.50    0.00   0.00   0.00   67.50   277.00
117 CANO RODRIGUEZ LUIS ENRIQUE                   07971134 30  240  3910.00 75.00   0.00 400.00   0.00   0.00    0.00    0.00  4385.00    0.00  351.11 519.65 1564.00    0.00   0.00  0.00   0.00   0.24 2435.00  358.65    0.00   0.00   0.00  358.65  1950.00
140 LOPEZ VASQUEZ ALEJANDRO                       08274953 30  240   750.00 75.00   0.00 290.00   0.00   0.00    0.00    0.00  1115.00    0.00    0.00 111.88  375.00    0.00   0.00  0.00   0.00   0.12  487.00   74.25    0.00   0.00   0.00   74.25   628.00
157 CHIA LUY JON CARLOS ALONZO                    21863249 30  240   800.00 75.00   0.00 416.00   0.00   0.00    0.00    0.00  1291.00    0.00    0.00 113.40  440.00    0.00   0.00  0.00   0.00   -.40  553.00   78.75    0.00   0.00   0.00   78.75   738.00
163 ARAUJO QUISPE OSCAR IVAN                      08674299 30  240   800.00 75.00   0.00 417.00   0.00   0.00    0.00    0.00  1292.00    0.00    0.00 114.10  440.00    0.00   0.00  0.00   0.00   -.10  554.00   78.75    0.00   0.00   0.00   78.75   738.00
256 REUVEN GOMEZ MICHAEL                          10543446 30  240   800.00 75.00   0.00 138.00   0.00   0.00    0.00    0.00  1013.00    0.00    0.00 113.40  240.00    0.00   0.00  0.00   0.00   -.40  353.00   78.75    0.00   0.00   0.00   78.75   660.00
122 ESPINOZA HUANCAS FAUSTO ENRIQUE               08007436 30  240   750.00 75.00   0.00   0.00   0.00   0.00    0.00    0.00   825.00    0.00    0.00 107.58  225.00    0.00   0.00 **.**   0.00   0.42  620.00   74.25    0.00   0.00   0.00   74.25   205.00
126 HERNANDEZ ROMAN CARLOS                        25565139 30  240   750.00 75.00   0.00 159.50   0.00   0.00    0.00    0.00   984.50    0.00    0.00 111.88  427.00    0.00   0.00  0.00   0.00   -.38  538.50   74.25    0.00   0.00   0.00   74.25   446.00
127 CASANOVA RAMIREZ MARIA LUISA                  07448164 30  240   750.00 75.00   0.00   0.00   0.00   0.00    0.00    0.00   825.00  107.25    0.00   0.00  225.00    0.00   0.00  0.00   3.54   0.21  436.00   74.25    0.00   0.00   0.00   74.25   389.00
130 ALIAGA COTRINA HILDEBRANDO                    09738210 30  240   750.00 75.00   0.00   0.00   0.00   0.00    0.00    0.00   825.00    0.00    0.00 106.92  225.00    0.00   0.00  0.00   0.00   0.08  332.00   74.25    0.00   0.00   0.00   74.25   493.00
136 DIAZ HURTADO ROSARIO OSVALDO                  08305295 30  240   750.00 75.00   0.00   0.00   0.00   0.00    0.00    0.00   825.00    0.00    0.00 107.58  225.00    0.00   0.00  0.00   4.06   0.36  337.00   74.25    0.00   0.00   0.00   74.25   488.00
138 HERRERA ROJAS MARIBEL ALBINA                  07627656 29  232   725.00 75.00   0.00   0.00   0.00   0.00    0.00    0.00   800.00    0.00    0.00 104.32  225.00    0.00   0.00  0.00  14.17   -.49  343.00   72.00    0.00   0.00   0.00   72.00   457.00
139 HUAMAN CUSTODIO JULIO ANGEL                   21542718 30  240   750.00 75.00   0.00   0.00   0.00   0.00    0.00    0.00   825.00    0.00    0.00 109.81  225.00    0.00   0.00  0.00   4.98   0.21  340.00   74.25    0.00   0.00   0.00   74.25   485.00
144 QUISPE CHIPANA ANTONIA GRACIELA               07948158 30  240   750.00 75.00   0.00   0.00   0.00   0.00    0.00    0.00   825.00    0.00    0.00 111.88  225.00    0.00   0.00  0.00   0.00   0.12  337.00   74.25    0.00   0.00   0.00   74.25   488.00
159 GONZALES HUARANGA AMPARO MILAGROS             42774098 30  240   750.00 75.00   0.00   0.00   0.00   0.00    0.00    0.00   825.00    0.00    0.00 107.58  225.00    0.00   0.00  0.00  25.66   -.24  358.00   74.25    0.00   0.00   0.00   74.25   467.00
175 PINCCILOTTI PALLAROSO ALEJANDRO ALF           10725806 30  240   806.00 75.00   0.00 450.00   0.00   0.00    0.00    0.00  1331.00    0.00    0.00 114.18  451.00    0.00   0.00  0.00   8.43   0.39  574.00   79.29    0.00   0.00   0.00   79.29   757.00
229 ANDIA CARRASCO JAVIER                         40070442 30  240   750.00 75.00   0.00   0.00   0.00   0.00    0.00    0.00   825.00    0.00    0.00 106.92  225.00    0.00   0.00  0.00   0.76   0.32  333.00   74.25    0.00   0.00   0.00   74.25   492.00
235 YOVERA ATARAMA ARACELY                        40391187 30  240   750.00  0.00   0.00   0.00   0.00   0.00    0.00    0.00   750.00   97.50    0.00   0.00  225.00    0.00   0.00  0.00   0.53   -.03  323.00   67.50    0.00   0.00   0.00   67.50   427.00
280 AQUINO ROJAS HUGO PERCY                       46329096 29  232   725.00 75.00   0.00   0.00   0.00   0.00    0.00    0.00   800.00  104.00    0.00   0.00  225.00    0.00   0.00  0.00   4.43   -.43  333.00   72.00    0.00   0.00   0.00   72.00   467.00
290 QUISPE BALCAZAR YORMAN ANDRE                  70509443 30  240   750.00  0.00   0.00   0.00   0.00   0.00    0.00    0.00   750.00   97.50    0.00   0.00  225.00    0.00   0.00  0.00   0.00   -.50  322.00   67.50    0.00   0.00   0.00   67.50   428.00
292 MEZA VALENCIA YOEL ALFREDO                    47136383 30  240   750.00  0.00   0.00   0.00   0.00   0.00    0.00    0.00   750.00   97.50    0.00   0.00  225.00    0.00   0.00  0.00   6.56   -.06  329.00   67.50    0.00   0.00   0.00   67.50   421.00
293 POMA MURGA LIVIA                              41967126 30  240   750.00  0.00   0.00   0.00   0.00   0.00    0.00    0.00   750.00   97.50    0.00   0.00  225.00    0.00   0.00  0.00   0.00   -.50  322.00   67.50    0.00   0.00   0.00   67.50   428.00
307 MEGO SILVA HUMBERTO                           28116618 30  240   750.00 75.00   0.00 159.50   0.00   0.00    0.00    0.00   984.50    0.00    0.00 106.92  427.00    0.00   0.00  0.00   0.00   -.42  533.50   74.25    0.00   0.00   0.00   74.25   451.00
308 PAREDES VILELA CARLOS HUMBERTO                44943430 30  240   750.00  0.00   0.00   0.00   0.00   0.00    0.00    0.00   750.00   97.50    0.00   0.00  375.00    0.00   0.00  0.00   2.88   -.38  475.00   67.50    0.00   0.00   0.00   67.50   275.00
320 GARGATE ROSALES JONATHAN                      45347323 30  240   750.00 75.00   0.00   0.00   0.00   0.00    0.00    0.00   825.00    0.00    0.00 106.92  375.00    0.00   0.00  0.00   1.79   0.29  484.00   74.25    0.00   0.00   0.00   74.25   341.00
128 FERNANDEZ MERINO CARMEN IMELDA                09716287 30  240  2690.00  0.00 230.00 155.00   0.00   0.00    0.00    0.00  3075.00    0.00  137.72 395.95 1479.00    0.00   0.00  0.00  30.11   0.22 2043.00  262.80    0.00   0.00   0.00  262.80  1032.00
263 CANO MUENTE JOSE NESTOR                       07941099 30  240  8200.00  0.00   0.00   0.00   0.00   0.00    0.00    0.00  8200.00    0.00 1134.00   0.00 4100.00    0.00   0.00  0.00   0.00   0.00 5234.00  738.00    0.00   0.00   0.00  738.00  2966.00
299 CANO MUENTE CARLOS ALBERTO                    07966762 30  240  ****.**  0.00   0.00   0.00   0.00   0.00    0.00    0.00 12000.00    0.00 2038.00   0.00 6000.00    0.00   0.00  0.00   0.00   0.00 8038.00  ***.**    0.00   0.00   0.00 1080.00  3962.00
153 ESPINOZA BAUTISTA JORGINA                     07939005 30  240  1150.00  0.00   0.00 200.00   0.00   0.00    0.00    0.00  1350.00    0.00    0.00 149.97  437.00    0.00   0.00  0.00   0.00   0.03  687.00  103.50    0.00   0.00   0.00  103.50   663.00
164 BENITES CARBAJAL INES SILVIA                  80167058 30  240   750.00 75.00   0.00 100.00   0.00   0.00    0.00    0.00   925.00  107.25    0.00   0.00  225.00    0.00   0.00  0.00  33.98   -.23  366.00   74.25    0.00   0.00   0.00   74.25   559.00
208 BECERRA SALAS CESAR AUGUSTO                   06723942 30  240   800.00 75.00   0.00  60.00   0.00   0.00    0.00    0.00   935.00    0.00    0.00 114.10  400.00    0.00   0.00  0.00  14.61   0.29  629.00   78.75    0.00   0.00   0.00   78.75   306.00
210 ZAMBRANO CUENCA DANIEL ALFREDO                08704625 30  240  1470.00 75.00   0.00 250.00   0.00   0.00    0.00    0.00  1795.00    0.00    0.00 201.47  588.00    0.00   0.00  0.00  20.57   -.04  810.00  139.05    0.00   0.00   0.00  139.05   985.00
220 ZURITA CARRASCO ALEXIS                        44487341 30  240   750.00  0.00   0.00 240.00   0.00   0.00    0.00    0.00   990.00   97.50    0.00   0.00  465.00    0.00   0.00  0.00   1.53   -.03  564.00   67.50    0.00   0.00   0.00   67.50   426.00
247 HUAMAN OVALLE JOSE LUIS                       07546364 30  240  1250.00  0.00   0.00 200.00   0.00   0.00    0.00    0.00  1450.00    0.00    0.00 163.01  625.00    0.00   0.00  0.00  24.17   -.18  812.00  112.50    0.00   0.00   0.00  112.50   638.00
295 GRANDEZ AGUILAR PERCY RICHARD                 10196620 29  232  1115.53 75.00   0.00 150.00   0.00   0.00    0.00    0.00  1340.53    0.00    0.00 155.24  519.00    0.00   0.00  0.00  43.49   -.20  717.53  107.15    0.00   0.00   0.00  107.15   623.00
296 PEREZ HINOSTROZA PEDRO ARMANDO                41722946 30  240   800.00  0.00   0.00 482.00   0.00   0.00    0.00    0.00  1282.00  104.00    0.00   0.00  467.00    0.00   0.00  0.00  15.00   0.00  686.00   72.00    0.00   0.00   0.00   72.00   596.00
315 OBANDO TEJADA FRANCISCO OLIVER                09671735 30  240  1032.50 75.00   0.00   0.00   0.00   0.00    0.00    0.00  1107.50    0.00    0.00 144.42  413.00    0.00   0.00  0.00  26.07   0.01  583.50   99.68    0.00   0.00   0.00   99.68   524.00
304 RIOS DIAZ JIMY ORLANDO                        40484310 30  240   800.00 75.00   0.00 200.00   0.00   0.00    0.00    0.00  1075.00    0.00    0.00 113.40  240.00    0.00   0.00  0.00   0.00   -.40  353.00   78.75    0.00   0.00   0.00   78.75   722.00
120 TANTALEAN AREVALO CARLOS ALBERTO              09570841 30  240   750.00 75.00   0.00   0.00   0.00   0.00    0.00    0.00   825.00    0.00    0.00 106.92  225.00    0.00   0.00  0.00   8.49   -.41  390.00   74.25    0.00   0.00   0.00   74.25   435.00
142 NAVARRO CAUTI NIEVES HERLINDA                 10436222 30  240   750.00 75.00   0.00   0.00   0.00   0.00    0.00    0.00   825.00    0.00    0.00 107.58  225.00    0.00   0.00  0.00   9.90   -.48  342.00   74.25    0.00   0.00   0.00   74.25   483.00
160 QUISPE MATAMOROS HILDA VILMA                  40066138 30  240   750.00  0.00   0.00   0.00   0.00   0.00    0.00    0.00   750.00    0.00    0.00  97.81  225.00    0.00   0.00  0.00   4.22   -.03  427.00   67.50    0.00   0.00   0.00   67.50   323.00
183 BLAS SANCHEZ GLADYS LUZ                       06202755 30  240   750.00 75.00   0.00 100.00   0.00   0.00    0.00    0.00   925.00  107.25    0.00   0.00  375.00    0.00   0.00  0.00   0.00   -.25  482.00   74.25    0.00   0.00   0.00   74.25   443.00




                                                                                                               AGOSTO - 2012               






185 BACA CARBAJAL JOSE JESUS                      07859492 30  240   750.00 75.00   0.00   0.00   0.00   0.00    0.00    0.00   825.00    0.00    0.00 109.81  225.00    0.00   0.00  0.00  25.34   -.15  360.00   74.25    0.00   0.00   0.00   74.25   465.00
207 HUAMANI MENDOZA RONALD PEDRO                  44100041 30  240   750.00 75.00   0.00   0.00   0.00   0.00    0.00    0.00   825.00    0.00    0.00 107.58  225.00    0.00   0.00  0.00   0.69   -.27  433.00   74.25    0.00   0.00   0.00   74.25   392.00
225 MEGO DIAZ JOSE YOMAR                          43297418 29  232   725.00 75.00   0.00   0.00   0.00   0.00    0.00    0.00   800.00  104.00    0.00   0.00  225.00    0.00   0.00  0.00   7.73   0.27  337.00   72.00    0.00   0.00   0.00   72.00   463.00
226 ARAUJO HERRERA ITALO                          44989567 29  232   725.00  0.00   0.00   0.00   0.00   0.00    0.00    0.00   725.00   94.25    0.00   0.00  225.00    0.00   0.00  0.00   6.95   -.20  326.00   65.25    0.00   0.00   0.00   65.25   399.00
234 NAVARRO CAUTI MARY LUZ                        09433554 30  240   750.00 75.00   0.00   0.00   0.00   0.00    0.00    0.00   825.00  107.25    0.00   0.00  225.00    0.00   0.00  0.00   3.85   -.10  336.00   74.25    0.00   0.00   0.00   74.25   489.00
238 GARCIA CASANA LUIS ALEJANDRO                  41224193 30  240   750.00 75.00   0.00   0.00   0.00   0.00    0.00    0.00   825.00    0.00    0.00 106.92  225.00    0.00   0.00  0.00   1.03   0.05  433.00   74.25    0.00   0.00   0.00   74.25   392.00
242 ESPINOZA ESTEBAN CICILIO                      43907244 30  240   750.00 75.00   0.00 159.50   0.00   0.00    0.00    0.00   984.50  107.25    0.00   0.00  427.00    0.00   0.00  0.00   0.00   0.25  534.50   74.25    0.00   0.00   0.00   74.25   450.00
246 DE LA TORRE CASANOVA ANGELICA                 07392035 30  240   750.00 75.00   0.00   0.00   0.00   0.00    0.00    0.00   825.00    0.00    0.00 107.58  225.00    0.00   0.00  0.00   0.58   -.16  333.00   74.25    0.00   0.00   0.00   74.25   492.00
254 TENORIO LOAYZA LUCAS HERNANDO                 09708383 30  240   750.00  0.00   0.00 159.50   0.00   0.00    0.00    0.00   909.50    0.00    0.00 101.70  427.00    0.00   0.00  0.00   0.00   -.20  528.50   67.50    0.00   0.00   0.00   67.50   381.00
277 VILLARROEL CORDOVA RODIY JEYSSON              45780533 29  232   725.00  0.00   0.00   0.00   0.00   0.00    0.00    0.00   725.00   94.25    0.00   0.00  225.00    0.00   0.00  0.00   4.02   -.27  323.00   65.25    0.00   0.00   0.00   65.25   402.00
282 MOREYRA ESPINOZA SANDRA                       47004326 29  232   580.00  0.00   0.00   0.00   0.00   0.00    0.00    0.00   580.00   75.40    0.00   0.00  300.00    0.00   0.00  0.00   0.00   -.40  375.00   52.20    0.00   0.00   0.00   52.20   205.00
297 SOLORZANO MORALES NORA CELIA                  09702338 30  240   750.00 75.00   0.00   0.00   0.00   0.00    0.00    0.00   825.00    0.00    0.00 111.88  225.00    0.00   0.00  0.00   5.74   0.38  343.00   74.25    0.00   0.00   0.00   74.25   482.00
303 INGA CHUQUIPA LUZ FELINDA                     40988733 30  240   750.00  0.00   0.00   0.00   0.00   0.00    0.00    0.00   750.00   97.50    0.00   0.00  225.00    0.00   0.00  0.00   0.00   -.50  322.00   67.50    0.00   0.00   0.00   67.50   428.00
305 CORNEJO GUEVARA SERGIO JORGE                  45486798 29  232   725.00  0.00   0.00   0.00   0.00   0.00    0.00    0.00   725.00    0.00    0.00  93.96  225.00    0.00   0.00  0.00   1.90   0.14  321.00   65.25    0.00   0.00   0.00   65.25   404.00
306 HILARIO HUETE ALAN ANIBAL                     46827908 29  232   725.00 75.00   0.00   0.00  53.33   0.00    0.00    0.00   853.33  110.93    0.00   0.00  225.00    0.00   0.00  0.00  10.95   0.45  347.33   76.80    0.00   0.00   0.00   76.80   506.00
314 ALVA LOPEZ JUNIOR DARLYN                      45781644 30  240   750.00  0.00   0.00   0.00   0.00   0.00    0.00    0.00   750.00   97.50    0.00   0.00  375.00    0.00   0.00  0.00   0.00   -.50  472.00   67.50    0.00   0.00   0.00   67.50   278.00
318 SUAREZ MAGUI¥A JOSE ANTONIO                   43937550 30  240   750.00 75.00   0.00   0.00   0.00   0.00    0.00    0.00   825.00    0.00    0.00 106.92  375.00    0.00   0.00  0.00   7.22   -.14  489.00   74.25    0.00   0.00   0.00   74.25   336.00
323 YAMUNAQUE ZEVALLOS ANA CLAUDIA                46172315 13  104   260.00  0.00   0.00   0.00   0.00   0.00    0.00    0.00   260.00    0.00    0.00  33.90    0.00    0.00   0.00  0.00   0.00   0.10   34.00   23.40    0.00   0.00   0.00   23.40   226.00
ÄÄÄÄÄÄÄÄÄÄÄÄÄÄÄÄÄÄÄÄÄÄÄÄÄÄÄÄÄÄÄÄÄÄÄÄÄÄÄÄÄÄÄÄÄÄÄÄÄÄÄÄÄÄÄÄÄÄÄÄÄÄÄÄÄÄÄÄÄÄÄÄÄÄÄÄÄÄÄÄÄÄÄÄÄÄÄÄÄÄÄÄÄÄÄÄÄÄÄÄÄÄÄÄÄÄÄÄÄÄÄÄÄÄÄÄÄÄÄÄÄÄÄÄÄÄÄÄÄÄÄÄÄÄÄÄÄÄÄÄÄÄÄÄÄÄÄÄÄÄÄÄÄÄÄÄÄÄÄÄÄÄÄÄÄÄÄÄÄÄÄÄÄÄÄÄÄÄÄÄÄÄÄÄÄÄÄÄÄÄÄÄÄÄÄÄÄÄÄÄÄÄÄÄÄÄÄÄÄÄÄÄÄÄÄÄÄÄÄÄÄÄÄÄÄÄÄÄÄÄÄÄÄÄÄÄÄÄÄÄÄÄÄÄÄÄÄÄÄÄÄÄÄÄÄ
                                                                 110,587.03       580.00                         0.00       125,500.36        3,660.83      44,922.00          0.00        629.75      63,454.36            0.00          0.00        62,046.00
                                                                         5,550.00      8,730.00                                                                                                 53.33                                                                                                         0.00            0.00         4,154.58       8,519.12            0.00       287.00         -8.92       10,509.34           0.00      10,509.34
ÄÄÄÄÄÄÄÄÄÄÄÄÄÄÄÄÄÄÄÄÄÄÄÄÄÄÄÄÄÄÄÄÄÄÄÄÄÄÄÄÄÄÄÄÄÄÄÄÄÄÄÄÄÄÄÄÄÄÄÄÄÄÄÄÄÄÄÄÄÄÄÄÄÄÄÄÄÄÄÄÄÄÄÄÄÄÄÄÄÄÄÄÄÄÄÄÄÄÄÄÄÄÄÄÄÄÄÄÄÄÄÄÄÄÄÄÄÄÄÄÄÄÄÄÄÄÄÄÄÄÄÄÄÄÄÄÄÄÄÄÄÄÄÄÄÄÄÄÄÄÄÄÄÄÄÄÄÄÄÄÄÄÄÄÄÄÄÄÄÄÄÄÄÄÄÄÄÄÄÄÄÄÄÄÄÄÄÄÄÄÄÄÄÄÄÄÄÄÄÄÄÄÄÄÄÄÄÄÄÄÄÄÄÄÄÄÄÄÄÄÄÄÄÄÄÄÄÄÄÄÄÄÄÄÄÄÄÄÄÄÄÄÄÄÄÄÄÄÄÄÄÄÄÄÄ
